710070181129625600
710479587784966144
710211385104404482
710070107909791744
711975721233559552
710348020794204160
711858055923822592
710027720177098752
711849540412780546
712023290500538368
712154984796856320
711591106992021506
710185821962379264
710248044806152192
710141872707149824
710613918423629824
709663779760562176
710759688909017088
711227604985106432
711188054766133248
712051477682987012
711946054946725888
710484318297133056
710371363865767937
710889865450266625
711314682796183552
711566428965617665
710742843426533377
710355907910180864
709838833731375105
710385060634087424
711811416953659392
709768248917692416
712058175269310464
711862260944150528
711294355483598849
710417486995460096
709643061937049600
710726537788723200
711554700777287680
710117581240324096
710180905135022080
710016439063859202
711536222930395137
710059513060171776
712052158359851008
711463587739402244
711273208725561344
709667207962210304
710093932550553600
711059104698015744
709843501643603969
711324156328087552
709655753984966656
711658127725338625
709806749188907010
711096401124564992
711190973989183488
712159648858636288
710192129092554753
710432694295990272
710632628798537731
711865063179571200
709859667262967808
711436396364488704
710468375907057664
711619994208083968
710084572017532928
710845879825997824
711917453555732480
709563779579826176
710725848991604736
711849637276196864
709775144470843392
711465900491317248
711521507990773760
710565053351763968
709790224755400705
711935334863470593
710525541049364480
711238352402518016
711497942264356864
710136262594682881
710200244298977281
709976810256265217
710579971539005441
709753188199632897
711115082613317632
711201708060372995
711269054955327488
710855363952771073
710894992299040768
711811650723192832
710035041489780736
711490869023674368
710808236115546112
709646994818666496
711232440300392448
711575363512479744
711942886229585922
709675766208925696
711204059865333760
711983286004781061
711938242438946817
710821275103576065
711651325482766336
709811146040188929
710815202569277440
709567350702481408
711529363951452160
710105521261514752
711847006717616128
709814558614011904
710021866681933824
710737728858669056
711943232343543809
711028379173199876
710770648482783232
710079394925121538
710065540694470657
711675522892374020
709908523367407617
709809390346493953
711971820585398272
709789434129027072
711130217868201984
709798607889653760
709847651899056128
710163671431966720
710166889415221248
711984752291500032
710120714351808512
710009707684106241
711333435978211328
711847251199578112
709657926978433025
711272228411854849
711155671648092165
709627965194121217
710829052500832256
710856602644049920
709850178400833536
710193474146934785
710201344183898112
709652408113168384
711279399690227713
710902186092437504
711335498153902081
710057727788236800
710282978262458370
714514701359661056
712521693152092160
714460251370729472
714024366502187008
714387300025835521
712279482120466433
714832694765555712
713111175005863937
713800196459782144
712179761066483712
712693682374311936
713205906612289537
713138359057653760
713039061607440385
712764468913160192
712392458185940996
713587647126618112
714125079190310912
712761908374405120
712652252146704386
714924667383914496
712914663172874240
714150408134991872
712327469555183617
713115174471921665
713642167399485440
712212596322148352
712392206900928512
714673038223097861
714672952583786496
714786100359925760
712640436611973120
712314350032257024
714772909705850880
714778563732439040
713051571714670595
712696194087170048
713777251603460100
712594183463256069
712893770300129280
714751374953734145
714459598413889536
712290091360755714
714335538594111488
713100135748792320
712366399986003969
713774306698915844
712637602524999680
712965257342242816
714422158970208256
712396566573793280
712565811274256384
713866935381991424
713122603758542848
713749393493590016
714164368724914178
713736014884446208
714588908596539392
714733347185029121
714450938921164802
713777031985643520
712425681129447425
712291506380345344
714505390189330432
714639513797189633
712284449497620480
712652767630913536
712675899997626368
714720176449712128
714467580862468096
712853666806513665
714139893719543812
713755290336944130
712723798575853568
713715946607742978
712359272106094595
713687576905957376
712400367301074946
712291087927345153
714168003273875456
714941767645310990
714378077170757632
714145126700822528
712274209888665602
712388969099558912
713627917549498368
712801028723380224
713280871407685632
714037526152011776
712258430476615680
714737673525673985
712324015726194689
713711036084449280
712984188614492160
712375309631361024
712727277197459456
713817451818061824
714065720452231169
713061086564597760
712750253284466688
713802104046018560
714547863477428224
713893080554938368
712970588252348417
714423312747798528
712758450544050177
712545007757090816
713751420739129347
713692191361773569
713650593844346880
713500968835551238
712194763684970497
714175028665823233
713643910539649024
714505374251016192
712547185192148992
712344351540690944
714413780927557632
712544998177300480
713365843992780801
712552948010713088
712231475148554241
713051956630007808
712327856668463106
714121395060535296
712940778708930560
713046575593992194
713054406737047554
712323122788044800
712645375451119616
714417507642261504
713081410588807168
712743921013694464
712311393488396288
713282550421200896
712943866874298368
712703120703418369
712884801892720644
712610548098183169
712382823278223364
713795417008267264
712933426534486017
714229496212234240
712234491054583808
712685253542985728
712364534506373120
712569202712961024
713790954407378948
712545797628432385
713342481379758080
808570190212382720
810847913819721728
810401061240442880
809238581780692993
809865394546688000
810913718473256960
810706061569228800
809864481358675968
808417163526672384
810144224154972160
809120659834077184
810122495407902720
810467160518750208
808732398733103104
809532229592432641
810651065532239872
810770591544438785
810103319008055296
810611394169229313
809349795437543424
809395417020567552
808332440913711106
810534198507405312
810776438429388800
808925374570778624
809750565878112256
809443685922271232
809010838979956736
810149110137450496
809099212747063296
810138413181571072
808396417681227782
810019512334635008
810648715383992320
809715269341999104
809786542298382344
810530615447744512
810278132997562369
808182500879167489
810240670220877825
810738553273667585
810835799231045632
809788488107360258
808406450838114304
810162041818226692
809872020079001604
808214028304732160
808816359723372544
809759436516589568
809112094939447299
808950115629223936
808250045053149184
809258755326099457
809673686835806209
809747695510388738
809666247357042694
810630000093392896
809094286755164166
809784206406643713
809990262898491392
808380078052745216
809672777489846276
810548212742443012
809775107816103937
809443878088638464
808266464562216960
808438124468695041
810154653572861954
810155851726155776
808974283435376640
810004195726258177
809879879038730240
808401947153891328
808738230350872576
810575433838301184
809437883857829888
810152001279496192
809716690191863808
809089484075765764
808676813304119296
809052959116034048
809455591643115523
808219847087755264
810748443144626176
810804766968201216
808893161510699008
810750010354700290
810415572643172352
810154236021538817
810446251191832576
809845128303153156
809403432201109504
810092823852752896
810042930127835136
808761097025126400
809453905570648064
808373387391336448
810463486597853184
810550919192576001
808676373736947712
809155302104895488
809360341725564928
809088086634270722
809773097662418945
810212687955316737
809102070284451841
809026411172392960
809787920118902785
810904878704889856
810879372357988356
809354414507036676
810597805718900736
809113706474913792
809110943624024064
808344050050838532
809346156740354048
809779445150183424
810586843674775552
809308597704335360
809635882751946752
809733021129723904
808723137693097984
810001134890778624
810761789172486144
810554281183051779
808694403170701312
809061639303688192
810541783545475072
808292994273185792
808671630016806912
808190900144918529
810443482640879616
809689326367948800
809049945965662209
810081264317370368
810035742734946304
809460359723528192
809420694534705152
809443549536206848
810423382189674497
809745724422418433
809902749592780801
810501671117692930
810440825020813312
810116504360538112
809112521504268288
809136930348822528
809774371598385152
810870073720274944
808423458761768962
811290182397886464
812777285526913024
811186971641073664
811126522912325632
812254253532270593
810985345223229440
811153270907535361
811162404960829440
812828968575520768
811546626955284482
811978578036453380
812249329637400576
812933024971190272
811203210576822273
811118012803715072
811164310386970624
811130333852823552
812612265132326912
813416190349611008
811549413202153473
811824173953773568
812351707552169984
813463756156112898
811263654742134785
811333027733323776
811285804911824896
813441684776386560
811448143845920769
811303298695315456
811092437485678592
811592128706924548
811990080286027776
812303848811401216
812343985478004736
811493570360115200
812327643525705733
812957219943657472
813407302309085184
811874357928726528
811168163232681984
812056691160260608
811897446473330688
811215108126994432
811635967832588288
812699687635550212
812306288558280704
811881507862233088
811859327996874752
812248373822689281
811639748724985857
811667260691664896
811315885621252096
811875063104466944
813243173426364416
812604790828126208
811703002893582336
811134949596299264
811559971959623684
812410142457266176
812179848785526784
812978793606418432
811893643913129984
813408795984588800
811181343690424321
811243750496342016
812246867224494080
811045270955945985
811507770646204421
811985619970904065
811387565236428800
813293433544732672
811190666311176192
811477756588466177
811253732222570496
810942300159410176
811223945529659392
811228487054979072
810991253387149312
812016521371406336
813321060569542656
812674323068620800
810977379862609920
811357673396588545
812685267584843776
813351050585382912
811277865010470912
811495522821402625
812680283094913024
812212682283765760
811115960723709952
811126722980675584
811289273081204737
811291740200173568
811552629641871360
812333639698677760
811635284022587392
811286883867172865
811296908006264833
811161400722726913
812778833870995456
812277033090871296
811266527190274048
811274921682866177
811105468710002688
811147817284734980
811925417988935680
813438625803276292
811633850766032896
811289045519204353
811095932607590404
812383443095011328
812041774025805825
811218489163874304
811132388902367232
812928056658690048
811003816569176064
812200224450088960
811595323747561472
811087772433805312
812079523575394304
811564979564539906
811179541272154112
811645605714001920
811895769158549508
812347924642402305
811294814025240577
811291975034998785
812345991244513280
811982533051240448
811702991036284928
813412031730712576
812277973105704961
811289808614133760
812987314087587844
813125874417627136
810994183414710272
811265550815031296
813083832249413632
812382228613394432
812198669151858688
810966406653153280
812733131744825344
811565732605607936
813463699952435204
811490935813107712
810958539531370496
811023654964396032
811711113884672001
813473826528968704
810955398731694084
896906838519590912
895501335998717952
897191381969645569
895823937304657921
895493907835781120
895623029266436096
897873011143036929
897567323220869120
897285184013389824
897127813848989702
896833435435765760
897505315406585857
897560324836077568
895471749596401664
897425677544304640
897848039997452288
897816071771697155
897063392959180803
896146763114889217
896537811515518976
896100491242778624
895670101814521856
897814450203480065
897108192840212481
897027515344179203
897509237630357504
896508010096447489
896822022445162496
895523455256457216
897572335884128256
897276000194527232
896393028092538880
895692051542667264
897577705411104769
897475208919044096
897910519973138432
896658692325740546
897779419758166017
897513507721269249
895883785291448324
896282903012937728
897240999700959232
896904831045992448
897494562402422784
895769162508886016
896498406889328640
896718562139811840
896680420372361217
896133892867936256
896114169941860352
897828095985582080
896739260849631238
896193080193372160
895464756529709057
897100161700081664
896508671311704066
895617880565403648
895640439105171457
897201988718514176
896038967761661952
898090175527563264
896786903810396160
896168970293792768
895830673554104320
897810650411528192
897579463621390336
895776592009605121
897414620088074241
897119642623369216
895950257955196928
897229346506555392
895787707049410560
897862385318461440
896859182225403906
897169626785878016
895970697960464384
896424638481412096
897490675188609025
897436277477302272
896992778080702464
895716590150275073
897501059014205440
897482489383587840
897778005820534784
898167735628300288
896849086476931074
897152869035651072
896373366021644289
895587203690242048
897154354142203904
896031888330162177
896994729291685888
896918858820354053
896016153117679618
896114192616366081
896077616133820417
897065277438996480
897231066980909058
896010264021217282
897483186082656257
896828317688639493
896038065424171009
897773299719184384
897932843103473665
898182733897314304
897013334809206784
895450989548974081
895508802983866369
895581864622264320
897674797030703105
897160707921387521
896483414290948096
896550517957992448
898055568555991040
896129332455723008
896741877063569408
896760384094384132
897885538933514244
897160453058646019
896732669026979841
896245850594308097
895718324016881665
896845264404848640
896576263074086912
896720471999352832
897632056313876480
897829893731495936
897528883540447233
895797854400393220
897918875614019584
895691685006462976
897194797592702977
895613451686600705
896841395973103618
897654317250990082
896941907724599296
896534333833523201
897759964718039040
895464812318044160
897887786983985153
897654755102777344
896109471608340482
897761544456548352
896153464706695168
896566185000673280
896122902029803520
897937142634221568
895745276815843329
896228461030912000
897110530669907968
900810653857980418
900685996186062848
898482859782045696
898280237640830976
898279456023785472
898233562759036928
899051367783911424
898467642922737664
898831093939548160
900093631339663360
899651656543064065
898238326548901892
900797430240825345
900102305097404417
898258114155356160
898990853447983105
899662408498786304
898915998954393602
898309850362290176
898550770433482753
898413144019578880
898263356360073216
899415934271709184
899685176120397824
899994810190356480
899990959508926464
900017287192870913
900319289340776449
899772477705998336
898844261843468288
898873342459076608
900429923629768704
898654240100544512
900259303852048384
900458469425369089
898513991919702017
899989380714160128
900691681976123393
900436792654082048
899809005060718592
898321996366450688
898563056355201024
899140169344970753
899681458700390400
900796232536379392
899412740875460608
899073614963658753
899377788456755201
898215486747533315
900770312702263296
898842342601375744
899323140987334656
899987486373490693
898752343100973056
899673979299938306
899383797610946560
898458056186621952
898514170525646850
900384410427473922
898894366093316097
899824220586344448
898219522695581697
900767121528938496
898213150042054656
899737341023092740
900158451866886144
900377578627837953
900728648289931265
898455942626500608
900830166808760320
898537324614737921
898469207721091072
900800759792578564
898750890193989632
898291358166913024
900775812252749825
899003370291294209
900497304687304704
898322499359854592
898285280892989440
900594452846313472
898712759273230336
898645101379022850
900474195292942338
898514928679751680
898222750648733696
898291740892844032
898338662223458304
900705022370959360
898788816047271937
898263117477576704
900453765697990656
899538091651858433
899439378371620864
898938853284864002
900647168306012160
900205510242258945
898484176663588864
898340548167127040
899908956109234178
899746083726929921
900357057974382592
898231142142357504
900373347220901888
900751172620898304
898340973087834112
900635196181098496
898662362823114752
899390141357228033
900753043993526272
898516312221245440
900817636195524610
898810325876736000
900385665124229120
899283990217142272
900234796521095168
900261944913002496
899668186106408961
898505393713893377
900439061357375488
898829117604470784
898464858982821888
898902673042415618
899808153788964864
899212924601946112
900753587244081152
899370787450343424
900321987842715649
900666532702941184
899031157584650240
900330957517066240
899233920541237248
900306077220315137
898843756417470465
900739979873198081
899003498943180800
899384316001755136
898908247926681600
898337922507616256
900502497378394113
899987674337071105
898566567168004097
900079804589985793
899662784090255360
898325641858228229
899060024290545665
899728693811175425
898427942102999042
898604938577682432
899630220164177921
662672712159006721
663876385044320260
665191702399987712
663849810513043456
665166554498277376
662630561094213632
665213836241346562
665000988445536256
663911650135842816
664556022439243778
663656626767941632
662675993694330881
663047386432974848
665095879624368128
665246224669212672
664369406277996544
662657761092718592
662645851026817024
664243621781221376
663657465834287105
663033132707368960
664156397970571270
664573380356677636
664522568846680064
665117051296440320
663349164521201664
663586171281391616
664184197410635777
662927555293523968
664233240505540609
664955837652320256
664073227556253696
665190579622531072
663793889904603140
664690025628594176
664956789960519680
662732070079168512
662717315083927553
665252667430731776
662595493223112705
664451030524932096
664150391156842496
664428126848569344
663983250268819456
663972851070930944
664722787098038272
663414725292654592
662547021845282816
662553939339034624
664146013553360896
665022258570788864
664836081318277120
664558218560057344
664239979338539009
664706277587730432
664471464192643072
663260322749394944
664185759650459648
663248362079133696
664561932058382337
662765828991901696
664850672572088320
664752242856230912
663012521901752320
663638765567627264
663868778892128256
663020368035188736
665229037472776192
664164046200025088
664717580129669120
663124702978789376
665127325814640640
663789879134986240
663100353412485120
663345775091523584
664843823332331520
665226970452639744
662519411341938692
663455522633474048
664063933096030208
664106764749684736
664438668057116672
663766828036984832
664826782789439489
664818460778721280
663707364718190592
664717406053470208
663365459580948480
665212564998070272
665052557757186048
664885146789785602
664128354484936704
662925809817100288
662699927466848256
663013779161145345
665080961810489344
664551202668068864
662543208061272064
663052301700046848
664503051345072129
663287619590217728
662578957288624128
663528472678043648
664016318929215488
663102773181943808
663538331309969409
663322803731607552
663668665007669248
662922705721819136
662697613813248000
664625813887823872
664710991477870592
663011947521134592
664194547560390656
664118200359981056
664163296845668352
665249257348308992
664740922555371520
662939731781660672
664294472654725122
664352950173704192
664341371944325120
663061016725602304
663818271754485762
663716486456954881
664131162881789953
663441968773660674
663467479977615361
664882757152063488
664963174614097920
663276472413634561
662617965934850048
663956429645197312
665216632256602112
665217054937600000
664427010219986944
664159891880177664
662550630326751236
663010947959791616
665259212608397312
665221036099690496
664423580604739584
662658753599283200
663590283913928704
663393760403918848
664687603749396480
663460736539185152
665157909676990466
662932706729132032
664916431973273600
667052482455990273
667613427574177792
665461648254214144
665291608229810176
665561238764707842
666560905505865728
665857434968334336
667439703789019136
665826111025229824
666220011267170304
666864906864607232
667761991533096960
665464247053348864
665804999058960384
667777697595150336
666129855390461952
665672566250582016
667331035349295106
666152737428676608
666630975896592384
667568734140243968
667768673029988353
667698831979626496
666503286493741056
666573279428272129
666941210158743552
666405175284932608
666335555492286464
665409367395704832
666056620057698305
666393050910867456
665460084735123456
665980135951216640
665511699831762944
665508462646947840
666254678456410114
667739695288307712
666208916255186944
666219766609264640
665548897855651840
666266114041737216
665642764982337536
665438548858904576
666984014612406273
666290347752996864
667819865172938752
666582412286164992
667737296167268352
666242879665369088
667636459785031682
666665952390586368
665582904739762176
665920885593874432
667764654626721793
666651456477483008
665656370537095169
665852969942982656
667717591079759872
667091407732121600
666362909686145025
666302514791383041
665835523316039680
667438035550760960
666898321005551616
666898788540416000
665512986589663232
667365346823786498
665656653199577088
665321160314351616
665527558671331328
665868886353575940
665918777280720897
665505560700305408
666981980043628544
666321656869216256
667350525969592320
665832437935685633
665323963694759936
666481673211666432
667123440499847168
666904543490371584
667240429092544517
665578009102065664
665295625148321792
667691440026308608
666162752029900800
665546901408890880
665517937848139776
666223599104172032
665479901059940352
665557537538908160
667725004449128449
665804471549747200
667804709722419200
665978909603831809
666689095276617728
665587618755776512
666023033681899524
665467937344606208
665537188550082560
666587509820903424
666376582056030208
667250725601320960
666029659864358912
666946869340278784
666018543977283584
667406562667966465
665453308644061185
666335190906728448
665459406918799360
666800442521870336
666756710003011585
666364012884566018
666019309760720896
665821437870137344
665486485332865029
666178345059622912
666664298039664640
666913798935224320
665644732429811712
666558699771564032
666564469137522688
665958510505664513
667450924479225862
665301337152819200
667028814782967808
667379091671240704
666550481364361216
666384014174003200
665857241661181952
665302388916416512
667025035694092288
665466873698471936
667618407852978176
667392358900752384
665790785628053504
665570585993461760
665302111136169984
665471651769905152
665465008831266816
665313536948727809
665868256629116928
665301506669871104
666808909529751552
665904615972442112
665309044593270784
665483353425125376
666163498691526656
666236770900684800
667697886344400896
551767908830158848
551695456515141633
552333392344522752
551806616635707392
552215331767615488
550434103674540034
552247596874358785
552580920906362880
552725697631117312
551402072822661120
552071123127787521
550586530272526336
550709776527917056
551309630518071296
551309076387594241
550766457643360257
552534817313918976
551358945986871296
552380721193832448
550363433020186624
550211685664186369
551406476708036608
551879376904929280
552246139094065152
552017420173721601
550677767202033664
550666523702853634
552421815432544257
552120548948705281
552546481342001152
551433543734153217
552080208271265792
551832405498404869
552550603424284673
550196797751431169
552204042081157121
552607542522970112
551530799720562691
551830358107643904
550325048796798977
552129573739978752
552116189715906560
552446044219637764
551675819106770945
551780829605949440
552532187862822912
550301716898254849
550650649033977856
551730500172513280
551823506850058242
550942736266711040
552007653639987200
552233776063844352
551457670616858625
551310749835206656
552097924369235969
551492350644879360
552332831053983744
551035885547163649
552415157956399104
551784131068432384
551894934865711104
550412736140562432
552205901017657345
552432131897847810
551952293634260992
552352626856435714
550268207211491328
551513745822736384
550310700816826368
551144526715584512
552078293738848256
551843801527234560
551201689446154240
551068324600492032
552599325076103168
550879368827133953
550242600830402560
551051602392801280
552047380313673730
550780262800310272
552429765739970561
551385140446785538
552366676646559744
551435812035129344
552556166279335936
550337449340055552
551483615562186753
552619578602565632
551506045559144449
550679148016848896
551426711771168768
551508954057302016
550253099521024002
552759233029345280
552375976555208705
552707457928396800
550996264520011776
551379956429647872
551812012456804352
552033937346674688
551359991400398848
550865126619103232
551057873011499011
552581523564933122
550928880664858624
552268111152283648
550417936075468800
550221071966683138
552146810652078080
551207920269287425
550558278619389952
552756907052908544
551489192891781122
552720175695667201
551844188372086784
552103112539131905
552540533684699137
551374095502561280
551627912592359425
551092200608894976
551566525761847296
552447365907775488
551488555152076800
552452037674557440
551463121403912193
551039948045168641
552371772419743744
550716611963797504
550234879846518786
550570754124021760
551420965180039168
552314723208019969
551112930654433281
551894410225807360
551076352607019008
551057200559304704
550315361305128960
551658513831710721
552459792594501632
550681500774301696
550972470102999040
550422330355499008
552372570851655681
551914487997923328
551751004664762368
552218498974629888
551746620992552960
550632656648818690
551109969345773569
552807423078326272
553666424133390336
553892565494550528
555303799724986370
556168017332424704
554997558423334912
554968281128652800
555304480909320192
552927245514571778
552853720476958720
552839956893564929
554420839039660032
556116742070870016
555979184213069824
554743138670350337
553824284154818560
555477926976970752
552887779689242626
554682220984958976
555718708262625280
555730735458713600
553289046848700419
555715199081381888
552922416348151810
554552784067256320
553738517994405888
552820548288655360
555459357933314050
552868366336016384
555070166703165441
555034537429061634
553657117391847424
554404217163898881
555990856050950144
553735989890252800
554694221530013696
553965741838729217
553207996332118016
553591480296935425
552882823829655553
552984798680317953
552925207036317696
553205110801965056
556088252596502528
553474536822571008
553273371958726657
556144696888934401
553593356170059776
552977820599988224
554553410612375553
552972714689175552
553914890407378945
553252006992048128
554233482302345216
555682862402662400
552805641082142720
553870092124303360
555844697193988096
555756780387860480
555440372806344704
553320927539503104
555807548222484480
553906851973443584
553278306255396864
552836421883408384
555107258942902272
552914126973202434
552907300948963328
553235923169583104
553881408381673472
556181879079313408
554739996167794688
552838067229556738
554655258967040001
552799123246960640
553289848703172609
555112912537534468
552811885717127168
553314249091866624
553108250837925889
552897067459563520
556046765904773120
553151217858531329
552931282725138432
552961491503419394
553103857006690304
552930718930976771
553510186049339392
552855074717073408
553167669508460544
555803306417991680
556096222105452544
552937184895184896
553110565657145344
554623192442998785
556177864115372033
553647247272206336
554972406314700800
553948388065296384
553113473753051136
555470942043140097
553638697367650304
552888469572558848
553553191036805120
553192692642217985
552833798564757505
555069534236073984
554951275511824384
553228041137438720
555623316095246336
553215169141411841
552831477839585280
552878421748232192
554998466393673728
553450306647130112
554975335813771264
553629528791457792
554686872015101952
554286363970121731
552914079791464448
554594281894051843
553212608451731456
553286012936663040
552966547896303616
552967812470546432
554208948530991104
553629294996779008
552924963863560193
553092338952568833
555099034655162369
554415313455165441
553674632038195202
552963969938235392
554348556400611328
554807922715549696
553553752020754432
552898940438597633
555092392131698688
553702321599676416
553266852684910593
553940661171683329
553364737853906944
555385894220607490
554883083821133824
555428526707712000
554018846563373057
553270130801917952
552881905134485504
552814956643909632
552947134774116352
750981434056314881
751863268893978624
753611485381885952
753152278706720769
753166000934293504
752909916625629185
753284537635971076
752143454390644736
751388351392014336
751474029073162240
751332308750303232
752168553109917696
753333642043265024
753167801301491712
750989726618882048
751429020428955648
750841971296665600
751285358860627968
751038877373177857
753602465271021569
752622736430735360
753212823145156608
752244742910570496
752141113658576896
750850274219220993
751777245803474945
752581910786895872
751764530678620162
751771755279036417
753378831793266688
752904627381829632
751676539905990657
752580722972590080
751823224502095872
752150346810654720
751326144188657664
751175928085176320
752207430776393728
753188625022464000
751125325560573952
751948237242761217
752542948911357952
752798592629403648
752108867841064960
750987180424761344
753296501208678400
752506289952059393
751265779782385664
751190488171020288
750950307065131008
751680840325816320
753415455365292033
753285079925858304
750864218040176641
752049169062322176
751336641135017985
752907470306181120
752458001135656960
753275741370982400
752385849707356160
752424790040965121
752907272322514944
752596053845807104
750918607438241792
751912450245746688
751339933516886016
752159433040560128
753672238969348096
752545364293591040
752752727126573056
751556472992043008
751421476604116993
752777305982955520
752928320182943744
753083097017618432
751841738550022144
752619080218251266
753657768947646464
751911284979986432
752887799184056324
751398925433729024
750842086023323648
752653006726959104
751771564257968128
750901232760393728
752720176596918272
751201479386656768
752889586146304000
753552081643048960
752605616573714432
752274390088290304
753315950993235968
752967149640097793
753505963748057088
752493819682234368
752835160492703744
752518764344799232
751064886591918080
752221607393955849
752842082373476352
752175135814193152
751657580569751552
751029766501859328
750960445918511104
752094140893102080
752263446406758400
751149261253902336
752846825569263616
752877397175697410
751765736859762688
752742859283927041
753217137624354816
752541421014511616
752775895295860736
751376582653214720
753660017484660736
752096476927438848
751861835289288705
752148795681435648
751930854646149120
753149873420169216
753168685850701825
753524902943084544
752505799444946944
753645928154673152
753063633962369025
752227432782962688
751004783805333504
751075661897490433
750944625179885568
752459474431016960
750869650339082240
752793856630988805
752855415566852098
753114452262809600
753386662701375489
751476184421175296
752819998641577984
753326896897626112
753141118737481728
751153704611512320
752735640765157376
753632558420750336
752489546948878340
753157682329247744
752796396688932864
751054561188519936
751351323174526976
753466392540770304
752955506155724800
753947581991059456
755309028612374532
755705606233812992
755295704667525120
754774562009649152
754063511534338048
753711683101716480
754445636519559168
756017442061750272
754005584198991872
755352676834111488
755448238338113536
755047038648197120
753954743861518336
755779198179041284
753876143053430785
755455164186845184
754350014986674176
755634911848046592
754363595148955648
756271646659473409
754437275849752576
754036679892140032
755746959323987968
755168757539082240
753893313632202752
755045986419019776
754729009376788484
753726573715550210
754210590638403584
754423352354336773
753931074569396224
754245121852440576
755049230188896256
753709438138056704
754033324134322176
755858903057903616
754725911140900864
753874977741533184
753975434040279040
755155902974406656
753927468751417344
756169851895357440
754054143837437953
754020611828178944
754435937019584514
756165116639387653
753914340948975616
755167577714880512
754374493368442882
756167351809241088
755773200609452033
754765793527824388
754374384580751360
753982134617051136
753864940457488385
754052212536569858
755164316639301632
753883644754849793
755881528173928448
754064997236535296
754340697583542272
753942628895485952
753965934931546112
754593726245310464
755360052236656640
753969047654522880
755076111474786324
755164045318250497
754057029749239809
756187655885381632
755755355443859456
753990372120993793
753738272468299776
754997060701741056
756093197613400064
754242104029769729
754066389070180352
753938857633144835
756022005133107204
754971042079186944
754281261963902980
755661231055314944
755323379100639232
755912778985209857
754016556829507585
753714335898341377
755134989801496576
755352237765980160
754256472649924608
753970058636955649
754122132280471552
754037419960332288
755219933978566660
755813251233878016
756111948111081472
754225337375027200
754187125621420032
755357848390012928
755252776389775360
754685721701736448
755148488334315520
754017126415994880
755482909373378560
756184522580828160
754741225324945409
754669018020253696
753743229821083650
754042505973358593
755143834405920768
753940783397474304
755337304940478464
755869186308599812
755782395379548160
756010763957985280
755850045174472705
754942932734664704
754676929412816896
756209023163039744
753735863297798144
754444888192737280
756172872700264449
755463780683907080
755285666922201088
754000906132283392
754718507401678848
753796363528187906
754791490291982337
755442586328989697
754335190927958020
753982066996436996
755106344127135744
755651524152463360
756188907025362944
754422526973923332
755398459260305408
754792068648734720
753938781078712321
753725097198977024
754608457848938496
754244227001974785
754017828085301249
755224209840869376
754077557310517249
756174902911041536
755893600320389120
755513163743911936
755704906254802944
754773890321244160
753943526698840066
1072169721229914114
1070962395303043074
1070728719831105536
1072410851179708416
1072393010346934272
1072468577561833475
1072212550551564288
1070721848890064897
1070647448840912899
1072246717150572544
1071823484026798081
1071688762772647936
1071355097374957568
1072184560010625024
1071723333434163200
1071088730226782209
1072201957501210626
1071344424888791040
1070746288742756352
1070769999994937344
1070738180075343873
1072540639194161152
1070810066113228802
1070754845643149313
1069918509470240768
1071264334477778944
1071773938777247744
1070644519966859264
1072237128732557312
1070414854857601032
1071890075796017153
1071783006405316608
1071745023887187968
1071497147101732865
1072045441972387840
1070269415680368640
1070768655527481344
1072118965579771909
1072486897480593408
1069999586473840645
1071409375493931011
1072460387206004736
1070760599330701312
1072528645044998144
1071133859360722944
1071891070953381889
1072463840066060288
1072259117870432256
1070678563924381699
1072058531296276480
1069870991160025089
1070685504356708352
1070615376327794689
1071391136416260096
1071715449769988097
1070284192049696768
1072058763530498051
1070648046969610240
1070078310242123776
1072529583004626946
1071078191157133312
1071062756382687233
1071752406378123270
1072171028309172224
1070613326965735425
1072210567388168192
1071350288173424640
1071460668967190529
1070696433999859714
1072044990942056448
1070931078368714753
1070651454162198529
1071738284987027456
1072214676778508289
1071712276841988102
1071748872890970114
1071051410849046528
1070378528103903232
1071357558085050369
1070285362453450752
1072088130638020608
1071055912994045953
1072249507017043969
1071026780448919552
1070104666933989377
1071524150790025217
1070442520725897221
1070447777103138816
1072416850397618183
1071273347814711301
1072093091480375298
1071505174173241348
1070065292561301507
1070673395191332864
1071734419713613825
1070765774229422080
1070461067913060353
1071844343080775681
1071334655218081792
1071854466415108101
1072464383266168833
1070436050311344128
1069968775120871427
1070689170107056129
1072242759061389313
1070152512823549957
1070679034240135168
1072219944375459841
1070841599054110720
1070624599518388224
1072417146116935680
1070616042081263618
1070355843697307648
1070381528344129538
1070687966115307520
1072435631282941952
1070229223862923265
1071720164322885632
1069848827170045952
1069932115553333248
1071102615558254596
1071083876506890241
1070999527254056960
1071326240064311296
1070345489881686017
1070441551719993349
1070260711014744064
1071903483786350592
1069970470383034370
1071665883825741825
1070691474323451906
1072259998976262145
1071177913855369216
1070003841482018816
1070934647880802304
1071858757909405696
1070427511710986240
1071686977907552256
1070671858587103235
1071410170578812928
1070638963596165120
1072427679952048129
1070649394033242112
1070952088799186945
1071834116021215235
1070792713522634752
1072157236414349312
1070802363877900289
1071039391148195841
1069904426566078466
1073296551584415744
1073289202878562305
1072784135024971776
1075146131146006529
1074638930639839232
1073890627883098112
1073163564939132928
1073357354589143041
1072957079453872129
1073996539490639873
1073621267725672449
1074383765873614852
1073118101418491905
1073635375082557441
1072989868295360512
1074857212303028224
1074558087560904706
1074235382395473920
1072769801553096704
1075060988121112576
1072938413299564545
1073879301613867013
1075071072859508736
1073646094784086016
1073890061043818497
1072817931292196865
1074390465456295941
1072810047426695168
1075037788100288515
1075094189380128769
1075068587914727424
1073140296937037824
1073940744619155457
1073645274772459520
1073900368952782848
1074255446008061952
1072574206410395648
1074371933653925888
1073284216128004099
1073367886637490178
1072596050815451136
1072904085890875392
1072763278118567936
1073191099798294529
1072797640599965696
1072973969651875841
1074777327748419591
1073990962332995584
1073243705866358784
1073999534987063298
1074392270504378368
1074787184836837378
1073672652873699328
1073176090947018753
1072801003878211584
1073595580138643456
1075043641704493056
1072858346649251840
1072816320935313409
1074383652816064513
1074614338130972672
1073991754553028608
1074714151480627203
1073087168841687040
1073839581756354561
1073242419011952641
1073018971996217345
1074834410560733184
1073175491874566144
1073279103204249606
1072935095105916928
1074513529775026181
1074275573453729792
1074984293137551360
1072816775081926656
1073859843356794880
1073726525185376256
1073876441106919424
1073068808057876480
1073178340352319489
1074746784604479489
1073489870369292288
1074090074260889601
1073319466757472256
1073672126819901441
1074393131641200640
1072599666221568000
1074716878331756544
1074263872046010368
1074352470439030784
1073560914383826945
1073546635957948417
1072811648468086785
1075088838333267968
1074346698053484544
1072714180912922625
1074954615572045824
1074764612862701572
1075012905341476864
1074221914846048256
1072754182430572544
1074601205433843712
1072956518625103873
1072966866505793539
1072810073951477760
1072930078538022913
1072601099473965056
1075128367857459200
1074221712659615744
1074670471872958464
1074646184776617984
1072796671707373568
1074395060098293760
1073258740420362242
1073325651329986562
1075126964283994112
1072715614102409216
1073089666855956481
1073532552269389829
1073207508842528768
1074360221940793344
1073354189928087552
1072796905594339328
1073599145892552704
1074277764654661632
1073997491891265537
1073201118501634048
1073884612638715904
1074264557978349570
1073214405867945984
1074970943494201344
1073565902396932097
1072915073692299265
1072696048412438529
1072610506077290496
1073971855281831936
1074386987812040704
1072890203872862209
1072971691104571394
1073991129882861569
1074412605597466625
1075058615852167168
1074365077342564352
1072784289811587072
1074386905771307008
1074407133679116288
1074978642554511360
1072845729562025985
1073626433518473219
1074067674441940992
868890345412669440
869905358067773440
869068375057719296
868890868450775040
868406821064781824
868474268253908992
868532401944875010
869958864841650176
869417669300072449
869992448906457089
869460632042696704
870078585868087296
869981345421942784
870201611037093890
868457713180659712
869817062264385536
869899750622978048
868422798632419328
871097888885153792
868365241419276289
868376987991191552
871037280990806018
869709496305582080
869569430484733952
868325208633094144
870026738398486529
870638184438407171
870162028102656000
869453930568314882
869565496252932096
868334009872338944
871057470294286337
868266026550652930
869379809851211776
868595811285958666
870707601612210176
869775983724740609
868377534802481152
870595986326003714
869405598202417152
868473719592804352
868376940494958592
868982339401117697
869590727751237632
869192911530844160
869133179348799488
870487668274077697
871085056810463232
869860307971088384
868713714706526209
868760099522609156
870648171629862912
871104880731201539
870444343232008192
869830586243796993
869201386155659268
870123920309055488
869089939413237761
870525579782574080
870314335301771265
869534285606248449
868540337479966720
868668208487837696
868659845389537281
869972639225434112
869662097508118528
868320517358485504
870719436096929793
868373129394913280
869756691230806016
869649526625382401
869574027920146433
870039418916270080
869655604725403649
869561557197434880
868546246511931392
869608932829999104
869278074793275393
869649896365846529
870641332800417792
868991203651469312
869149109407502336
870549387273003008
869009857466249216
868470423918432256
870122861339353089
868291565642424322
870758258792726528
868562695498285056
868457707686252544
870799733924802560
869288569264885760
868634261997453312
868418836936241153
868944023762948096
868490411224051712
870364108633251840
869552501351006209
870354932028887041
868937273949081600
869172247180849152
868633717341921280
870507212170379264
868372636488880128
868303270501994496
869034789772304384
868535462826311699
869502131220434944
868443512429309953
868862982775857152
870786911916503040
869048568035803137
868922125155008514
869587152199397377
870280832849657856
871099780000358402
868340051821961216
868285987759239169
869506690630115328
869896281732370433
869824638741655552
869420214370357249
868906643379113985
870249342053044224
870696813367394304
869783655580930048
869269998317043712
868276689033351168
868270450887020545
868649022831042560
870642375328235521
868846271762538496
870084155299725312
869832321150590976
871057985476349954
869185905734692868
868256015384547328
870653099358253057
870944423420370944
869349735567675394
870864552765923329
870796674590924800
869694751871832064
869880933037494273
869215540828614657
869358466900647936
869274654967558147
869647125906325506
870895575255875584
870324751800999936
873138704268881924
872146138337599488
872150343878160384
871152337708093441
871264947761709057
871913514700591104
871439136149958656
871770559549493248
871156093237559297
873481254531776513
872309937501818882
871521992419180549
871515390010118144
873575653420945409
871495569243463681
873583530298585088
872036356272267265
871406985761046528
871446659003285504
873330702913110017
871632970754347008
871487616893321216
872140147134955524
871288171312631809
872369754056667136
872008559499902977
872158154032861184
871709034507780096
873582618108993538
871607888212443136
872773045458489345
872593446627880960
872400776940986371
871431287852195840
872853175975518208
871225700312862720
873073979270901760
872153047513800705
872689536354177025
871142045276045313
873245947773562880
872705035939065856
872638001792155649
871583067219017729
871588464801849344
873314336139337728
871328789518729216
872296386066128896
872621993379610624
873537262415482880
871729859562700801
871409614478290945
871782922348625921
871795464567443456
872015728668545024
871204200943828993
872307953478635520
871455629252186112
871401555894960128
871875536385081344
872139084830957569
871505992927789056
872105610724216832
872600372103327744
872563617706717184
873034722313519105
871205121023234048
871380037727125504
872107531598000128
871287776779526144
871772419622567937
871708197433880577
872263320866357249
872722534348857344
871420877480501248
872126702964670464
872167032799674368
872165587232935940
873629551582162944
871151260409503745
871442774457024512
873327152686440448
871324155060211712
871869378073174016
872863064017608704
871861315853328385
871734872779497473
872154798488866816
872078268975001602
872605872618450945
871904583643262980
871652259255504896
873256784336572416
872311011537301504
871150449583435776
871291782956548096
872301816595308544
872636869544226818
873680387922382848
873125284345544704
872016519651373056
871795389120356353
872153614743207939
873596010215333890
871152431718989824
871296808173096960
871976311652220928
871807625566015488
871220853253394432
873039431153758209
871795675092193283
871710267633172481
871206447488618498
871682590192873472
872609399545761799
871637533276360704
873636492433694720
872104896828502016
872689588237737984
871284136123654145
872093651551256576
871442037773565953
873169188277415936
873223982354497536
871135412181512198
873622950095851520
871441017848909824
871771231162294272
871445582858125312
871674008156205058
872468442632273920
871835214967967745
873555859539992576
871660504330194944
871920713065799685
871207477488087040
871545890099445760
873178977736597506
873646110295957504
871516405564178433
871393169438498817
871324342038220800
871348260975374336
871667541940342788
871577066810081280
871219855646531584
872758305508257794
872201142264107010
872792134235156480
871440115452829698
864782970061824005
865483618935648256
865626582118879233
866095226653483008
865071695626883072
865332110902546432
866759800604041216
865795712621137920
864523166026268672
864449750506098688
866392723330285568
864019760400486400
864736347206152192
866373218424303618
865113460270669825
866269847440764928
865980792538750976
864310819894435840
865964820255952896
865338624371564545
864996240404041728
865462232577998848
864952257120481280
866068679972331521
866030198969577473
864904476775374848
865361707341885442
866444184898740225
866208813854085120
866428819200192518
865601007949983746
866726641736830979
866662751975882753
865294092963655681
865979477200961536
865184314769723393
865467542252396544
866317791397392385
864489103538225152
864848136526811136
864754361251102720
864197793635848194
864957267887759362
865475339253723137
864723494533312512
866327139989114880
866346386270310400
866304388104695809
866450333018583041
865664211204132864
864754987649294336
864770601688457216
864231713198800896
864417044606853120
865121828834082816
864432276112801792
865947176362418176
866298149656199168
865974787746738181
866052714060447744
864021255703474176
864899007386079232
865012961475088384
865461703152095233
865579837267652612
865480030092001281
865531362605912066
865463619894431745
866380088778117121
866353123287347202
866045488927309826
865737391620980736
864670212691382273
866653983552811010
864573648283348992
866055060266115072
864845126513852416
865766514443657216
866698708481708032
866699722312097792
864070577786585089
864261109246832642
864858628511105025
864035937986244608
864276352169410561
864550842539573249
866272294133420032
866326759402336256
865671607800406016
866351894628794370
865626827087200258
866634254066647040
865974018645426176
866383887353741313
864881571274403840
864183653970178051
866437129630605314
866705304779665408
866665692375941121
864445529022840832
866309117010464773
866271697007194112
865879966793293824
865529017562152962
866578558113771520
866467317806374912
865930794673606657
865995532958871552
864984504045256704
866451045559537665
865564649932169216
865531300475682816
865901394750050304
864424026206109697
866321022185865217
865943890641248261
866525133371981829
864804887892283392
865021685984100353
865770650836795393
864834441180401664
866275044984541185
865889876998201344
866384669943758849
866123904238194688
864981362104606722
866702976320126976
865118533746905088
865565909049585666
866177593187344385
865967392538677248
864964273105231875
866705117709467652
866115358104485888
865345536320303104
864189273850785792
866584812584185856
864232018967703554
866055996216672256
864591884278276098
865462211023482882
864943424490807296
864828062944415744
865170349641617408
866335321742491648
865326133591625728
864909661010624512
864313294361776128
865534584967938052
865155813425516544
867047719466143744
867379829380792320
869254802462658560
868970563070545922
866972864808759300
867149410446307329
867029684973965312
867338935973924865
867352595702173697
868616803924049920
867708443498565632
868728278181449728
868750411691372544
867361398900363264
868536526765867008
867662686061944834
868689806569721856
867082617409220610
868686536719597568
868607918614208512
867904849324756993
868948817650958336
867018207713820673
868887088279810049
868150657924165632
868024822831427584
867476322607562755
867366099658166272
868745226277580800
867979139990474758
867350766956228609
868625421528571904
867315524727967749
868053819338481664
868936528273256449
867388643660505088
868261502008139776
868962235212845056
867511119363100672
867117879778570242
867517781343961089
867418195438817280
867317554800361473
867346946989719552
868508881206603778
866920419864883200
868115330215796737
867143752724488196
868165472566509568
868107120243167234
868245947607687168
867127867498299392
868747211307450368
868438755388076032
869053720251781120
866990065725190145
867432682233442306
867177692835307520
866877228881256448
867723247843987459
868516949600292864
869059518814052352
866942833995001856
867813718612090880
868502406245515264
866967192646164481
869151566552457217
867703487047626752
867186862930120704
867115999501459456
868955924823592960
867028970994364416
868456611744030720
868474325199880192
867821218082168832
867676518704599040
869314314032885762
867223246260903936
868970834559291392
867160941510656004
868129586248339457
868657303431630848
867075664846966785
867277678763806720
867578946115825664
868322731795791872
869144438911639554
867821671037755392
869169449772961792
867040962446594048
868031167672586240
867768982476005378
868175138084323328
866930230732214272
869193622587154432
868345324078747648
868539182926450689
867286185311322112
868402776736399360
867028068493172736
866823645670383617
868042088289640453
867557690494550016
867019802635894785
868575619981991941
866985234696482816
868142177716641792
867842481307570177
866996423061106689
867914530663284736
869275954497171457
869270075483836416
868843265101115392
869112260756733952
868106507338080256
866867516395536384
869312966797217797
868441114868674560
868451342137819136
867989722991255552
867025738188369920
867722231127912448
868771779359191040
868557110992416769
867066134893297664
867276003592335362
867162806751186945
868511624847646721
867248835155939329
868031879018160128
867862086562574336
867831282884988929
866819523143512065
867613348187168768
867831180124663809
869295358639185920
869055955987701760
868619989447790592
867076075549020160
868742541767843840
866833984793300992
868809350583914496
868516275286294528
868878595132936192
867160786879168514
867220614502916096
868660653204156417
867004843172515840
866875534160125952
867804570675666947
843521760268029957
843326647851859968
842042810387820545
842771100568305664
844022272876789760
843773723517698048
843512547064107008
842420371118804992
842111687117398016
843205419166285826
844500425168621570
842829856417206275
843137510242967552
843050852499804160
843798100422660096
844290843271991296
843897060424335360
844146614268821505
842154377381068803
842569241102630917
842160937582882816
843929177057382401
842905840893988865
843449172036653056
844193457489022976
843152504930164736
844139802236768256
844340839040069632
842392698640257024
842187593471139840
842109384796823559
844275219057561603
844154903098527744
843552479526752256
842408755207774208
844226293461803008
844012469156794368
843091346755788801
844472146168627200
843107217830100993
844294941551546369
844503943879278594
844472362405953537
844172511155642369
843146748574883840
842425076981088258
844559291398836224
842840164472827905
842824600841064448
842580564565811200
843967492582248449
842156036396072960
842998593351045120
842063088123817988
843694418796335104
843050754478931969
842546524747915265
844389570191986689
842739949933920256
844518322129453058
842771297113427970
843474384136298498
842986648245850112
843433988119285760
841884305588649986
843269880812109824
844218466064257024
844203241302704133
843673815200612352
843929001378824192
844222648964005888
842038598673305605
843087491280191488
841872753582063616
843898288105574404
844489761515622401
844130462620618752
842720544856444928
843816197174968320
844151071828271104
842502268142452738
842818394395037697
842641421572042752
844044709987278848
843225173985705985
842117019709378560
844134306608005121
843717782348808192
841974458881585152
842420775055446018
843807042913542144
842165416826933248
842013950640189440
843234567809089537
843348174655782912
843905019355131904
842152862431961088
844135639817838592
843653464026693632
842192562312081410
842014101920444416
843463143049383936
842230957356789760
841900669699272705
842454795021635588
844264327515398145
843843426105942019
842457363600822274
842741333135708160
844307795671498752
842469583038611457
842839460806967296
843198149598609408
842557859325992960
842785201319165952
844466777946046466
842527531861491712
841818389513412612
842996445871509506
844338187715694595
841998183391719424
844246001041002498
843972182829142017
842017015716028416
842798307143507969
842098595847315456
844051448799383552
842407211460616192
842543235096612864
843219427596402688
843485667246071808
842797668321570816
844141216191209474
844368087465902082
842489056156160008
843144432958558209
842700976406650880
843987943253594116
843385038121123842
843255927914618880
842854519889321984
844322956922818560
842334424964423681
842580205197807621
841952385660530690
842226175187525632
843086245186211840
842105666479247360
844179137262571520
842686196971163648
844644462491975680
846792218065190913
846653640043642880
845065581908971520
847050992185212928
844923428507451392
844714249540833280
844903750691164160
844941454841655299
844621034666016771
844937011245010944
844987452716670976
844623372952780800
846702583972610048
845006819244298241
844819544623333381
844776444160962561
845962541276704768
844639830009139200
846419915867377666
844751526039977986
845820066826502144
846984026791596032
846143643387777024
845491806498422784
846054583478640640
845352872921346048
846694008856432660
845414126000226306
845741357524226048
846514349116153858
846970233634111488
844943913483980803
844859690433495040
846953750292021248
847226906265006081
847224249274191880
844879124808306689
846440883885084674
845274331391447041
845357097596440576
844999602717802501
844956041766952961
846832385496956935
845135854959919108
845170126823424000
845432667135000576
844798892591874048
845671792324816896
845325582850174976
844720635049906176
844762437492473856
846183408153870336
846099540004552704
845973872960770048
845573958535655424
844897886399873024
845115768085762048
844904006384214016
844585540389298176
846000597199474688
846248493853302784
844990190166827008
844885177725726720
844968545041596416
846759740109705216
844677020932083716
844639418405269506
847135360157134849
846899370637209600
845460295187234816
847013226307080192
845576003539943424
845280253073330176
846176909897748481
844825652033290241
846350736954875904
846441245127905284
844695980666736640
845315577623314432
846238987752755200
845278441717026816
844572917815885824
845245898791649280
846587728393359360
846728773353586688
845680962264551424
845130133119762434
846335833674170368
844579249524748288
846766406423269377
845730051853307904
845501426335911936
847216065666887680
844883059707166720
846062896652144643
846443642097152002
846428669270646784
844933040891723777
844812985725968384
846787284976500737
846118841499422722
845914237172109312
844939302576492545
845258721320206338
847083532262543362
845369001731592193
845753318005723136
846676237170954241
844917981264121856
847125076457803776
845220975159447552
846273604715270144
845589403154219008
844631616458764290
844578809332432896
844630688339050496
844712514848014336
847110960729018368
845325901604773893
844751446864158720
844755350666530816
846510213956030465
845001086796750848
844581707235835904
845425652010487808
845309654964023296
845532647812038656
845669489916235776
845380653982076929
845870805607157760
845255156547543040
846411784189890560
845300738309996544
844887599638491136
845257721553326083
844755804146356224
845112658403610624
846336542012518400
844896003790659584
845312742542204930
846931174643716096
844913745474338816
846048514392162304
845408790094774273
846818759373316096
844957900300865536
847053702703857664
844700417535557632
846714015359385600
